%% UrbanLoco Dataset Calibration
%%All translation in meters


%% Cam0 
% Extrinsic [to LIDAR], [opencv-matrix]
data: [ -4.7324731432882849e-03, 1.2489446573634877e-02, 9.9991080473321836e-01, 1.8499563388803192e-01,
        -9.9990518155032682e-01, -1.2990043852130206e-02, -4.5701935984787667e-03, -2.4227446820327757e-02,
        1.2931806012923930e-02, -9.9983762305936663e-01, 1.2549737377333781e-02, -3.3589470159409335e-01,
        0., 0., 0., 1. ]

% Intrinsic, [opencv-matrix]
data: [ 1857.4752797615988, 0., 1039.692658811044, 
        0., 1869.2155909761746, 739.3362262994145, 
        0., 0., 1. ]

% Distortion Coefficients [opencv-matrix]
data: [ -3.0451652061637519e-01, 3.8894492749157322e-02, 1.0517466490567872e-03, -5.5095449411338973e-04, 1.7054732639063463e-01 ]

% Image Size 
data: [2048, 1536]



%% Cam1
% Extrinsic [to LIDAR], [opencv-matrix]
data: [ -8.6157716632802361e-01, -3.6903041504953715e-03, 5.0761320719367642e-01, 1.2425836150201532e-01,
        -5.0739708100553327e-01, -2.3807889059555887e-02, -8.6138341440127142e-01, -2.1532109925755025e-01,
        1.5263965711365263e-02, -9.9970974091173337e-01, 1.8639884038200050e-02, -2.1682324393897576e-01, 
        0., 0., 0., 1. ]

% Intrinsic, [opencv-matrix]
data: [ 1814.75275617, 0., 1006.56038505, 
        0., 1818.77214155, 689.78092195,
        0., 0., 1. ]

% Distortion Coefficients [opencv-matrix]
data: [ -3.3667553856802590e-01, 2.2370191478408946e-01, 6.9364654936351162e-04, 6.5891956666038094e-04, -1.4386286982166674e-01 ]

% Image Size 
data: [2048, 1536]



%% Cam2
% Extrinsic [to LIDAR], [opencv-matrix]
data: [ -8.7059969886199839e-01, -9.6748536863814627e-03, -4.9189690133964459e-01, -1.2004262472906960e-01,
        4.9159127697991711e-01, -5.7452576252295495e-02, -8.6892877606811281e-01, -2.4658000270447300e-01,
        -1.9853985460138390e-02, -9.9830135664944430e-01, 5.4774269262376940e-02, -2.1154642803111456e-01,
        0., 0., 0., 1. ]

% Intrinsic, [opencv-matrix]
data: [ 1822.47778227, 0., 986.00025287, 
        0., 1828.16335803, 716.62141016, 
        0., 0., 1. ]

% Distortion Coefficients [opencv-matrix]
data: [ -3.3474604323919716e-01, 2.0887608302549923e-01, 8.4845632526369460e-04, 4.2905149321811908e-04, -1.0643297931033635e-01 ]

% Image Size 
data: [2048, 1536]



%% Cam3
% Extrinsic [to LIDAR], [opencv-matrix]
data: [ -1.3584283920629492e-02, -2.2854223446894528e-02, -9.9964651337410437e-01, -2.3322812290332456e-01,
        9.9989462251002847e-01, -5.4292959896136139e-03, -1.3463529276717401e-02, -4.6145127942734529e-03,
        -5.1196782996192902e-03, -9.9972406553793469e-01, 2.2925568224404502e-02, -1.5654269372993962e-01, 
        0., 0., 0., 1. ]

% Intrinsic, [opencv-matrix]
data: [ 1810.45094854, 0., 992.21089668, 
        0., 1812.59527915, 712.19223171, 
        0., 0., 1. ]

% Distortion Coefficients [opencv-matrix]
data: [ -3.3656530318728628e-01, 1.8768173840047303e-01, 1.9477003507973772e-03, 3.1367021689469795e-04, -5.5081663652012315e-02 ]

% Image Size 
data: [2048, 1536]



%% Cam4
% Extrinsic [to LIDAR], [opencv-matrix]
data: [ 8.6542662952719596e-01, -2.7574169002047150e-02, -5.0027633774649405e-01, -1.2515470362925452e-01,
        5.0026340553010618e-01, -7.8617604420128107e-03, 8.6583758165730662e-01, 2.1161956152579317e-01,
        -2.7807804527112789e-02, -9.9958884443885176e-01, 6.9905708481454720e-03, -2.1985207975549845e-01, 
        0., 0., 0., 1. ]

% Intrinsic, [opencv-matrix]
data: [ 1757.25204459, 0., 1021.56073928, 
        0., 1765.23913741, 731.64541142, 
        0., 0., 1. ]

% Distortion Coefficients [opencv-matrix]
data: [ -3.3666049996403102e-01, 1.8545135588860912e-01, 4.6383725459130505e-04, 2.6975651912330886e-04, -6.4955264748327718e-02 ]

% Image Size 
data: [2048, 1536]



%% Cam5
% Extrinsic [to LIDAR], [opencv-matrix]
data: [ 8.5950818396493089e-01, 1.0687693030603407e-02, 5.1101022975571642e-01, 1.2812322393962558e-01,
        -5.1106162603976135e-01, 3.3334592733678337e-02, 8.5889744400415746e-01, 2.3474979069061389e-01,
        -7.8546856653639030e-03, -9.9938710125004282e-01, 3.4113425042568424e-02, -3.4045834113884627e-01, 
        0., 0., 0., 1. ]

% Intrinsic, [opencv-matrix]
data: [ 1770.64556282, 0., 1049.87781601,
	0., 1777.73226518, 743.78349823,
        0., 0., 1. ]

% Distortion Coefficients [opencv-matrix]
data: [ -3.9354573741590226e-01, 4.0965873198343816e-01, 4.4712483410296679e-04, 2.7028268023385993e-05, -3.3206231352335008e-01 ]

% Image Size 
data: [2048, 1536]


%% IMU, estimate 
% Extrinsic  [to LIDAR], [opencv-matrix]
data: [0., -1., 0., 0.,
       1., 0., 0., 0., 
       0., 0., 1., 7.62e-02]


%% UBLOX, estimate 
% Extrinsic  [to LIDAR], [translation]
data: [4.318e-01, 5.08e-01, 5.08e-01]

%% SPAN-CPT
% Auto-calibrated after triggering 
% Extrinsic [to LIDAR]
[0., -1., 0., -5.245e-01
 -1., 0., 0., 1.06045
 0., 0., -1., 7.98576e-01]






